   97396868
 3374023483
 1380106899
   68594885
 3250760702
 2873597536
 2646053520
 1985803114
 4039001697
  242780376
 1495138578
 4199442103
 2724407698
 3978749967
 1967744155
  816320696
 1353288088
 3376732791
  958065002
  173740551
 2588642187
  881416649
 3658311535
  960501204
 2215151666
 3556261843
 1759836571
 3563607795
  308488149
 1669770868
 2139285553
 1206452308
 3042800754
 4157490971
 3216884803
 3575476637
 1225334521
 3702020425
 2818003623
 2062415072
 2058280606
 1515776197
  844129106
 1691911903
 2112054683
  488998444
 3432790575
 1022557096
  915124154
 3591238588
 3671785173
  994859950
 1331000047
 1551103471
  736105123
 2670003479
 2521560678
 1694190494
  548288620
 1681752657
 3476630003
 1814241950
 2363760171
  678699104
 3179993142
 2020717210
 2546976915
 4245251188
 2137301520
  245634453
  826050298
 2702699347
  529600972
  784052083
  992012521
 1178332502
 3958382040
 3875926339
  928002946
  990140973
 3335350222
 3504582821
 1101237604
  914372799
 3999193770
 3131938890
 2340077906
 2557270147
 2752563131
 1404766197
 1587962605
 1654664571
 2104489987
 1398837281
 1907734048
 3720911509
 1175564683
 3677246386
 2328798135
 2342522014
 3263190276
 2319889271
 3350749211
 3022285485
  938939014
 3502682495
 1030675062
 4292440943
 3443595438
 2065399370
 2383426840
 3432760399
 2495786549
 2233964321
 2256479624
 2049381970
 1700008721
 2058633664
  744284494
  951378971
 3047381940
 1992011156
 3889050044
 3844935242
 1340520843
 3018843543
 2849873030
 2926381395
 1317937764
 3042813310
 3184746676
 1448540412
  304091289
  467652312
 3561011803
 3665975526
  763079348
 2205772220
  682158757
 2266083639
 1740346300
 3805144664
 2905910462
 2181948097
 3549099853
 1028199192
 4101800598
 3440623724
 2501573800
 1382823365
